flowermd.modules.surface_wetting.WettingSimulation.timestep flowermd.modules.surface_wetting.WettingSimulation.tps md.compute.ThermodynamicQuantities.kinetic_temperature md.compute.ThermodynamicQuantities.potential_energy md.compute.ThermodynamicQuantities.kinetic_energy md.compute.ThermodynamicQuantities.volume md.compute.ThermodynamicQuantities.pressure md.pair.LJ.energy md.bond.Harmonic.energy md.angle.Harmonic.energy md.dihedral.OPLS.energy
                             0                                                     0.00000                                                2.90935                                            -9.88199e+04                                        1.52741e+04                                   2.63356e+04                                  0.38665                     -1.46150e+05          3.48450e+04             8.45428e+03              4.03033e+03
                           1000                                                    68.87698                                               2.95123                                            -1.07194e+05                                        1.54940e+04                                   2.63356e+04                                 -55.57397                    -1.47509e+05          3.13226e+04             4.94541e+03              4.04699e+03
                           2000                                                    69.57490                                               2.72084                                            -1.07240e+05                                        1.42844e+04                                   2.63356e+04                                 -55.08962                    -1.47734e+05          3.13146e+04             4.93128e+03              4.24811e+03
                           3000                                                    69.77197                                               3.00672                                            -1.07365e+05                                        1.57853e+04                                   2.63356e+04                                 -55.24706                    -1.48430e+05          3.13808e+04             5.30541e+03              4.37844e+03
                           4000                                                    69.82876                                               3.06809                                            -1.07831e+05                                        1.61075e+04                                   2.63356e+04                                 -55.02067                    -1.49099e+05          3.16458e+04             5.13839e+03              4.48374e+03
                           5000                                                    69.87041                                               3.09944                                            -1.08560e+05                                        1.62721e+04                                   2.63356e+04                                 -55.31047                    -1.49679e+05          3.12818e+04             5.20556e+03              4.63138e+03
                           6000                                                    69.83943                                               2.97841                                            -1.09235e+05                                        1.56366e+04                                   2.63356e+04                                 -54.95506                    -1.50208e+05          3.13500e+04             4.80530e+03              4.81757e+03
                           7000                                                    69.75707                                               2.95726                                            -1.09575e+05                                        1.55256e+04                                   2.63356e+04                                 -54.93647                    -1.50731e+05          3.12336e+04             4.96721e+03              4.95597e+03
                           8000                                                    69.65619                                               3.00517                                            -1.09999e+05                                        1.57772e+04                                   2.63356e+04                                 -54.53974                    -1.51223e+05          3.14332e+04             4.81070e+03              4.98056e+03
                           9000                                                    69.57812                                               3.02709                                            -1.09859e+05                                        1.58922e+04                                   2.63356e+04                                 -54.82026                    -1.51346e+05          3.11375e+04             5.30226e+03              5.04692e+03
                           10000                                                   69.52680                                               3.03868                                            -1.10265e+05                                        1.59531e+04                                   2.63356e+04                                 -54.76323                    -1.51688e+05          3.12396e+04             5.13622e+03              5.04700e+03
                           11000                                                   69.44531                                               3.05791                                            -1.10694e+05                                        1.60540e+04                                   2.63356e+04                                 -54.81469                    -1.51834e+05          3.12279e+04             4.87363e+03              5.03923e+03
                           12000                                                   69.39427                                               3.06038                                            -1.10453e+05                                        1.60670e+04                                   2.63356e+04                                 -54.88485                    -1.51825e+05          3.12497e+04             5.01576e+03              5.10665e+03
                           13000                                                   69.36007                                               3.05783                                            -1.10836e+05                                        1.60536e+04                                   2.63356e+04                                 -54.58961                    -1.51884e+05          3.09878e+04             5.00199e+03              5.05890e+03
                           14000                                                   69.31754                                               2.94492                                            -1.10657e+05                                        1.54609e+04                                   2.63356e+04                                 -54.90285                    -1.51698e+05          3.10153e+04             4.93117e+03              5.09438e+03
                           15000                                                   69.30093                                               2.97953                                            -1.10154e+05                                        1.56425e+04                                   2.63356e+04                                 -54.60908                    -1.51470e+05          3.11756e+04             5.12011e+03              5.02086e+03
                           16000                                                   69.27792                                               3.00527                                            -1.09730e+05                                        1.57776e+04                                   2.63356e+04                                 -54.75216                    -1.51377e+05          3.14776e+04             5.11077e+03              5.05807e+03
                           17000                                                   69.26116                                               3.04780                                            -1.09945e+05                                        1.60009e+04                                   2.63356e+04                                 -54.90691                    -1.51174e+05          3.12200e+04             5.00364e+03              5.00560e+03
                           18000                                                   69.25102                                               3.02662                                            -1.10108e+05                                        1.58898e+04                                   2.63356e+04                                 -54.96827                    -1.51300e+05          3.12723e+04             4.96627e+03              4.95432e+03
                           19000                                                   69.25254                                               2.99065                                            -1.09902e+05                                        1.57009e+04                                   2.63356e+04                                 -55.15883                    -1.51185e+05          3.12223e+04             5.06171e+03              4.99935e+03
                           20000                                                   69.24532                                               2.95268                                            -1.10018e+05                                        1.55016e+04                                   2.63356e+04                                 -54.97027                    -1.51253e+05          3.12667e+04             5.00387e+03              4.96501e+03
                           21000                                                   69.22667                                               2.95658                                            -1.09953e+05                                        1.55221e+04                                   2.63356e+04                                 -54.80262                    -1.51227e+05          3.11549e+04             5.14533e+03              4.97336e+03
                           22000                                                   69.21280                                               3.03557                                            -1.10474e+05                                        1.59368e+04                                   2.63356e+04                                 -54.82020                    -1.51613e+05          3.12583e+04             4.88697e+03              4.99378e+03
                           23000                                                   69.20202                                               3.04639                                            -1.10383e+05                                        1.59935e+04                                   2.63356e+04                                 -55.01946                    -1.51595e+05          3.12682e+04             4.95312e+03              4.99035e+03
                           24000                                                   69.18141                                               3.04974                                            -1.10373e+05                                        1.60111e+04                                   2.63356e+04                                 -54.97146                    -1.51710e+05          3.12181e+04             5.08357e+03              5.03587e+03
                           25000                                                   69.15203                                               3.01273                                            -1.10860e+05                                        1.58168e+04                                   2.63356e+04                                 -54.74188                    -1.51920e+05          3.10750e+04             4.94823e+03              5.03677e+03
                           26000                                                   69.13298                                               2.96606                                            -1.10849e+05                                        1.55718e+04                                   2.63356e+04                                 -54.69240                    -1.52059e+05          3.12213e+04             4.99488e+03              4.99372e+03
                           27000                                                   69.11837                                               2.93471                                            -1.10863e+05                                        1.54072e+04                                   2.63356e+04                                 -54.94139                    -1.52049e+05          3.12112e+04             4.95260e+03              5.02238e+03
                           28000                                                   69.10064                                               2.97435                                            -1.11024e+05                                        1.56153e+04                                   2.63356e+04                                 -55.02832                    -1.52130e+05          3.10855e+04             4.96490e+03              5.05596e+03
                           29000                                                   69.08559                                               3.00034                                            -1.11002e+05                                        1.57518e+04                                   2.63356e+04                                 -54.98800                    -1.52248e+05          3.11907e+04             4.98910e+03              5.06631e+03
